_594_ _618_ (0.24500788258782596, 412.39503227866663, 31.289076979340695) (0.26831273182729537, 40.60425584553595, 23.52305406109798) -9.76 5.63
_594_ _617_ (0.24016447599209367, 407.5769407014674, 32.23499259217627) (0.23239182167098757, 35.528749695852376, 22.864322528367637) -9.76 5.63
_594_ _614_ (0.22984197778987162, 406.1330917328293, 30.738733228161628) (0.25671463107161785, 40.2344638499348, 23.336495068206737) -9.76 5.63
_594_ _613_ (0.25122777853537837, 401.47367052472487, 32.58561112297303) (0.22888612686682697, 35.56536443127909, 23.101515720206024) -9.76 5.63
_594_ _616_ (0.25422019285527986, 384.4083372836736, 30.21491113597792) (0.2572379330064182, 37.58156526453793, 22.994688106215133) -9.76 5.63
_594_ _615_ (0.23276727534736277, 379.57235535141575, 31.103618077122558) (0.1666778262800304, 30.638286727997098, 21.426336799321618) -9.76 5.63
_602_ _589_ (0.2078859456377895, 344.44233269348575, 24.628106264350816) (0.06076640142532967, 20.74860904233848, 16.94166120325597) -9.63 5.72
_602_ _591_ (0.21193993929710944, 344.3189509785503, 24.596647642814464) (0.07427913028749997, 20.737437787904717, 16.90234342239367) -9.63 5.72
_602_ _593_ (0.2121043252551236, 344.5172475687243, 24.54551199233198) (0.07767449233757578, 20.66159136304829, 16.91592733108675) -9.63 5.72
_602_ _595_ (0.2030839567667016, 344.6383971203421, 24.302328883296173) (0.07090856738470301, 20.748390529000744, 16.94700144360872) -9.63 5.72
_602_ _587_ (0.20254159713980283, 344.1867614923376, 24.593224567578037) (0.07679533450805417, 20.820271071170225, 17.089932178639653) -9.63 5.72
_602_ _588_ (0.213960487238691, 344.443602369525, 24.449917560211613) (0.07223018100438962, 20.828152069357778, 17.13817421034195) -9.63 5.72
_602_ _590_ (0.21533048367431093, 344.54236829697, 24.655152379873062) (0.061245616115237884, 20.323515551947036, 16.76309319140503) -9.63 5.72
_602_ _592_ (0.22713206559271817, 344.3176402362883, 24.97410869293603) (0.06847221371903622, 21.051318729077998, 17.01008224776233) -9.63 5.72
_602_ _594_ (0.22414083313670513, 344.65459034765996, 24.7364678554353) (0.06708821117935485, 20.83397362351058, 16.824527413814973) -9.63 5.72
_602_ _596_ (0.21189232349851, 344.60357680279884, 24.68128401350051) (0.07388739156454122, 20.82560505715302, 17.103539249190874) -9.63 5.72
_590_ _612_ (0.24020168739842962, 359.4251362167901, 30.259456783935438) (0.34628779729976, 57.17693507188065, 27.05123637330717) -9.76 5.63
_590_ _611_ (0.23361209704076016, 353.39702660936877, 31.607027002056583) (0.2904214274043848, 48.789596441525305, 27.287390113703662) -9.76 5.63
_602_ _610_ (0.2145363096691739, 331.12983721734014, 24.652078477428176) (0.17182292030067833, 29.22695294559918, 20.935162136137645) -9.78 5.76
_602_ _586_ (0.22240002458305475, 322.8944341946319, 25.664993411650727) (0.03281852056812278, 18.07420857495287, 15.29321173213146) -10.77 5.52
_602_ _585_ (0.2235643545509928, 319.0678136279167, 26.517255082275152) (0.17848862546717797, 30.27462130848523, 21.18641709285485) -1.95 5.74
_602_ _608_ (0.21484591575955014, 327.6817465921812, 24.501545563880747) (0.1446006727697273, 27.14462711028363, 20.05675398058134) -9.76 5.63
_602_ _609_ (0.21667816466289502, 328.2623432290363, 24.56924708931948) (0.151070367540074, 26.950299960171975, 20.284635503486303) -9.76 5.63
_602_ _603_ (0.2124451575618746, 328.0792805995076, 24.23996323792116) (0.12490300672928148, 26.704909145302004, 19.903126470971163) -9.76 5.63
_602_ _605_ (0.22782486685665473, 328.4182871378356, 24.53369615890935) (0.14060889614228145, 27.123940692256888, 20.236731448190422) -9.76 5.63
_602_ _606_ (0.2113331845286359, 327.88828332311545, 24.482608334456163) (0.1381340464423968, 26.8565954974489, 20.358684578202897) -9.76 5.63
_602_ _607_ (0.20921963572870692, 328.280532562469, 24.138784936853686) (0.15552096842746554, 27.298241935522377, 20.60318608715082) -9.76 5.63
_602_ _604_ (0.2104859016702041, 325.3935078682049, 24.545504749097237) (0.11789410544286182, 24.128827657383944, 18.86333761753317) -2.1 5.72
_602_ _597_ (0.22301543950717964, 330.08753514037204, 23.305602848597506) (0.019114639147468793, 15.858045392171075, 13.562390249702837) -9.65 5.64
_602_ _598_ (0.22567509188739793, 330.1386143407839, 23.499478287711717) (0.027634133761848336, 16.09109066552425, 13.597313576889187) -9.65 5.64
_602_ _599_ (0.22243353940458424, 329.79986888755536, 23.688344314522965) (0.006285776254421298, 15.759208247764601, 13.516707915289496) -9.65 5.64
_602_ _600_ (0.24822295266958122, 330.643149054654, 23.59729617678584) (0.0068329304634568684, 15.851780673588117, 13.535749547092838) -9.65 5.64
_602_ _601_ (0.22909564812413719, 329.987208743422, 23.77045219281888) (0.014251307865820222, 15.904784494872024, 13.62633509826216) -9.65 5.64
_602_ _602_ (0.2245902645423423, 329.6869953549778, 23.563840577751773) (0.0266012442565574, 14.37058509550765, 12.308444870714029) -9.65 5.64
_586_ _584_ (0.2652273564689215, 149.94217094411854, 24.287297579396785) (0.30654654539662496, 63.49781205739162, 24.943503293244856) -9.65 5.65
_585_ _585_ (0.26840821118871044, 81.05241617261558, 19.389037422869627) (0.24052592412991342, 31.073521945288526, 18.338839555775994) -9.39 5.74
_618_ _602_ (0.23443345814273936, 332.2054579024687, 25.787171381091287) (-0.008584043720486219, 14.339920805028285, 12.582167375707087) -9.65 -1.88
_614_ _598_ (0.21618009594147414, 325.14776077753584, 26.81567485157553) (0.10286759218519279, 20.35491868199038, 15.930504981819153) -9.65 -1.88
_616_ _600_ (0.24228447286695998, 327.79985561155655, 26.407123163219254) (0.06159964255907155, 18.073550174873215, 15.005000866037793) -9.65 -1.88
_585_ _584_ (0.2552635786402405, 108.52233241863279, 21.5820408675987) (0.2310733028457968, 30.61804372437316, 20.09938689993297) -2.35 -1.88
_603_ _603_ (0.24043412892080182, 297.73757720656454, 29.122950578363785) (0.15549680001623659, 21.664054922967757, 15.54659718647688) -9.76 5.63
_606_ _590_ (0.24152471508718076, 321.90965527782987, 28.492567128792068) (0.20490345712220934, 28.920694189971297, 19.15853753827023) -9.63 -1.82
_608_ _592_ (0.26145398289345734, 326.98659365596643, 28.402359755693162) (0.19072025845491905, 26.736768549490627, 18.63233802430543) -9.63 -1.82
_610_ _594_ (0.25384031519120903, 332.3657009530308, 28.132263251412844) (0.19916134294401533, 27.213151990776797, 18.52424171736895) -9.63 -1.82
_612_ _596_ (0.19519922686432634, 334.18985639640914, 26.57747963870291) (0.18266316102405294, 27.71965714280993, 18.73163828352227) -9.63 -1.82
_604_ _588_ (0.25604705953879914, 295.116558140995, 28.94000602871223) (0.2285443327634713, 31.817866059023515, 19.676308842130826) -9.63 -1.82
_617_ _601_ (0.24639329652601594, 310.8243761616198, 26.13411475164748) (0.06678918961052481, 18.728506588304462, 15.237351594227109) -9.65 -1.88
_613_ _597_ (0.21648786848170928, 306.16459625934516, 26.385289475113304) (0.15515753319526535, 25.039248173228035, 17.65024779686177) -9.65 -1.88
_603_ _587_ (0.24509490753849736, 314.8786969162716, 28.666429462547868) (0.22414178149299663, 31.242514404944085, 19.561457549633335) -9.63 -1.82
_615_ _599_ (0.24331956959952689, 309.2567979204061, 26.416620658638344) (0.19185450833760587, 26.92155693763952, 18.552407942431923) -9.65 -1.88
_590_ _606_ (0.23710137155787137, 300.5045760721429, 26.74318931939385) (0.2945918109417072, 37.6291007698381, 19.71838052047282) -9.76 5.63
_602_ _618_ (0.22896322587467946, 304.92738553217964, 23.553825864506877) (0.02978992709069882, 15.620598063164492, 13.539519007777674) -9.76 5.63
_598_ _614_ (0.2091091670810696, 305.9310702324081, 24.573330557150356) (0.2286713030848437, 27.70903648047574, 18.33575920105006) -9.76 5.63
_604_ _604_ (0.23974784888211417, 275.16146585321195, 29.641856954986896) (0.026853177555015793, 15.234702388035881, 13.22835907564184) -9.25 -1.48
_600_ _616_ (0.21038061880687534, 308.5259559127181, 23.394268646955936) (0.15657489112793807, 23.699409353863853, 17.621296010915334) -9.76 5.63
_605_ _589_ (0.24585255434976847, 307.7428649920303, 28.862377411458272) (0.25370656760748284, 33.74955635687856, 19.83024547016146) -9.63 -1.82
_607_ _591_ (0.2141257118545833, 307.9734283638798, 27.855198987892198) (0.22743622883049577, 30.939011025388854, 19.712317946604042) -9.63 -1.82
_609_ _593_ (0.2350066136319804, 304.26386285552013, 28.22560836597397) (0.2367534586818379, 32.52287591637053, 19.980945678866476) -2.25 -1.82
_611_ _595_ (0.20970255613765842, 311.5606984273466, 27.90866100827868) (0.2144038500812548, 31.167868395033164, 19.418329083958334) -9.63 -1.82
_592_ _608_ (0.22231019508815622, 307.11743762512054, 25.70002637354229) (0.2715630318032579, 32.48807919604871, 19.061750508632944) -9.76 5.63
_596_ _612_ (0.22501252847872127, 306.6808170796416, 25.43768511481644) (0.26860705780300764, 33.96133494412251, 19.485337832338622) -9.76 5.63
_594_ _610_ (0.22198010037261337, 315.0785163788703, 25.23977641973111) (0.27432300967277506, 36.47297389205163, 19.66415119837627) -9.78 5.76
_599_ _615_ (0.2361177983184119, 289.73552062806266, 23.797927619297475) (0.2223454982236242, 28.122970349621223, 17.99100434113025) -9.76 5.63
_589_ _605_ (0.2285031780448307, 289.68828866631173, 26.873870442699225) (0.24428972417177355, 32.40175811575669, 19.52312238046531) -9.76 5.63
_601_ _617_ (0.24112385219760799, 288.67286584559673, 24.15595381192308) (0.1410289910826471, 21.294618372373325, 15.876705223178476) -9.76 5.63
_593_ _609_ (0.22750135486026063, 286.7637928134996, 25.707413953337973) (0.25457081514232305, 32.38919644355917, 19.487487580116827) -9.76 5.63
_597_ _613_ (0.21915203122546395, 289.83406836828743, 24.103854079617676) (0.24797268336308526, 29.87993494764614, 18.609715734635518) -9.76 5.63
_591_ _607_ (0.23061123202430095, 290.6468571027619, 26.46716757227893) (0.256697581491128, 32.40222697771877, 19.31705391085637) -9.76 5.63
_595_ _611_ (0.2164509672709673, 284.64565648014536, 25.5383992946065) (0.2556440465146544, 31.83390430155076, 19.20185518133944) -9.76 5.63
_584_ _586_ (0.25334313371773254, 167.76460038373773, 26.433903538419976) (0.22742165667852232, 37.90327396953024, 23.51488938782171) -2.98 5.52
