_594_ _618_ (0.2406461732803695, 689.7700670626574, 33.54446034813346) (0.33985154229485987, 191.8824125458988, 25.30664303807074) -18.09 13.75
_594_ _617_ (0.23626711773655315, 685.9310406175944, 36.76498034267219) (0.33570269550565296, 190.73372017379998, 25.29769649101985) -18.09 13.75
_594_ _614_ (0.2404884240806848, 676.1165411752243, 34.80508211045503) (0.33780576960501046, 191.73598272527798, 25.481313245266282) -18.09 13.75
_594_ _613_ (0.22770240691817786, 672.2846571416528, 36.97893142074005) (0.3455097392623744, 189.4294750247624, 25.467307012359182) -18.09 13.75
_594_ _616_ (0.22022599447924474, 641.3039529861951, 32.063997719092406) (0.3701566794591875, 189.6039966739202, 25.276610070828948) -18.09 13.75
_594_ _615_ (0.23669043813438273, 639.4854215319016, 35.33875075356139) (0.36025946896104694, 184.8538724086769, 26.310494817131502) -18.09 13.75
_602_ _589_ (0.22467006494412298, 583.6314705016858, 28.61138185985507) (0.3337014847829094, 156.31759618971188, 28.55885085693418) -18.49 13.89
_602_ _591_ (0.21272853530465663, 582.7269131346528, 28.81417037366231) (0.34956084525800823, 156.6183370233795, 28.560798538634458) -18.49 13.89
_602_ _593_ (0.20804724497479551, 583.3189339948872, 28.530532356767445) (0.3249484878317329, 156.19653800551603, 28.6273949090017) -18.49 13.89
_602_ _595_ (0.22093912259389595, 583.2492480299188, 28.473096398451432) (0.33680634573220175, 156.13217863918453, 28.89365626323063) -18.49 13.89
_602_ _587_ (0.23491026023922215, 583.0114804980248, 29.047078701439023) (0.31993533107706396, 156.22342693560836, 28.44070566616709) -18.49 13.89
_602_ _588_ (0.21581353121491387, 583.1702113423001, 28.542569074590936) (0.32541423367932004, 156.21774245461305, 28.04691419512977) -18.49 13.89
_602_ _590_ (0.22394194557625585, 583.1172531360852, 28.89010777597131) (0.3468085661831691, 156.20534985035522, 28.64186331172742) -18.49 13.89
_602_ _592_ (0.22816337887834126, 583.716900389049, 28.63357004275507) (0.3334595954192278, 156.21394041845718, 28.38784144691246) -18.49 13.89
_602_ _594_ (0.21411143478662878, 583.1611377641265, 28.57987308844329) (0.349779411127614, 156.65098256063462, 28.70142161523985) -18.49 13.89
_602_ _596_ (0.22565017558790063, 582.979648133365, 28.873678534339554) (0.33801230551114103, 156.36596664068, 28.703023957765705) -18.49 13.89
_590_ _612_ (0.24299241852689799, 596.5682439539007, 32.37243947333288) (0.3541101123656021, 228.8116003452421, 27.081622552898708) -18.09 13.75
_590_ _611_ (0.2555321083887749, 590.5018317241005, 35.12554667639396) (0.36703801229676364, 220.04231276738983, 28.561480992117964) -18.09 13.75
_602_ _610_ (0.2155799707127429, 559.2925604047684, 27.224830756384232) (0.3508275701925513, 162.9687123523719, 30.6264306213772) -18.42 15.16
_602_ _586_ (0.22350728498332909, 549.1885017415195, 29.172991001884885) (0.3750405973338495, 143.14301603596746, 28.01004393118049) -22.54 12.33
_602_ _585_ (0.23196698329123439, 552.4329282028979, 30.594875464374887) (0.36296927760743186, 167.26256895736432, 28.559431227612585) -3.36 13.96
_602_ _608_ (0.19778182465423474, 553.3300802422655, 27.292653043605867) (0.34228712866128685, 160.33680511915884, 30.75703232476937) -18.09 13.75
_602_ _609_ (0.20101480296995866, 553.9930960829673, 27.40762344318403) (0.35779561065071086, 160.39181627484547, 30.66243374069993) -18.09 13.75
_602_ _603_ (0.21112878634155186, 553.9424472612787, 27.71584075808394) (0.34166221107925043, 160.52382537278925, 30.534152407450797) -18.09 13.75
_602_ _605_ (0.2069651830247879, 553.2929390095647, 27.321686947408526) (0.3706459534770611, 160.45495340018485, 31.141568381524195) -18.09 13.75
_602_ _606_ (0.225487970500243, 554.1131177888705, 27.532315152920987) (0.36763112390799224, 160.54902233165654, 30.819971258058395) -18.09 13.75
_602_ _607_ (0.2096106750829432, 553.8272824232511, 27.62077316651283) (0.36250590475400485, 160.63031433613827, 30.415509484060173) -18.09 13.75
_602_ _604_ (0.2037140620486931, 549.7561096934721, 27.998459303060176) (0.3513009496516868, 156.81883796047242, 29.610735346736472) -3.74 13.86
_602_ _597_ (0.23678984306653977, 551.3063082564745, 25.673665569393094) (0.3604411352271755, 131.5348972597744, 27.45393023484505) -18.18 13.46
_602_ _598_ (0.21748832052087544, 551.198674941619, 25.38199845478615) (0.34093921566121815, 131.38017167637864, 27.146901030601615) -18.18 13.46
_602_ _599_ (0.23571523902601538, 551.7667612267896, 25.422166985301864) (0.33610667146659573, 131.3370769850708, 26.669237179215884) -18.18 13.46
_602_ _600_ (0.21727426050947826, 551.3984366279703, 25.497940534531402) (0.3404748381536729, 131.67734829781048, 26.79259544276341) -18.18 13.46
_602_ _601_ (0.2252455164153618, 551.7862691898196, 25.443134727146365) (0.3310086376669971, 131.4911170243667, 26.768585213357536) -18.18 13.46
_602_ _602_ (0.21150561724894193, 551.3839419302357, 25.106325028796352) (0.3074431132516132, 115.07543123584385, 21.648883921055642) -18.18 13.46
_586_ _584_ (0.26059076341401904, 277.442714427387, 24.891456677866763) (0.34363599078322365, 181.1619632421769, 26.06080117952118) -18.16 13.47
_585_ _585_ (0.27194922520454917, 153.43630123224386, 19.808032843078657) (0.3115545496915976, 98.24554945239488, 20.445689787924834) -17.28 13.96
_618_ _602_ (0.23021839291507168, 548.9407900649081, 27.176607671526238) (0.3221247452255615, 104.77080339855452, 23.8256689225991) -18.18 -1.82
_614_ _598_ (0.25313460971396556, 542.7447923909273, 28.187409822924828) (0.2986334032975496, 106.22900977598121, 23.8818017470673) -18.18 -1.82
_616_ _600_ (0.22955578802421436, 542.842484980744, 26.638629312579784) (0.30096794789192255, 105.64546469881476, 23.81182965250553) -18.18 -1.82
_585_ _584_ (0.2763737057560145, 197.2678362538984, 23.009517239234054) (0.2933331723582843, 110.57846806012486, 23.377910854416125) -4.85 -1.82
_603_ _603_ (0.2548777121892429, 516.435890042944, 30.20611874936512) (0.3287741815549765, 106.51971036755359, 20.855254299305717) -18.09 13.75
_606_ _590_ (0.2363042695117448, 549.667526179578, 28.70090048736868) (0.3129144013939896, 112.28108808579981, 23.65912747343953) -18.49 -1.86
_608_ _592_ (0.2217473167804163, 552.1130616916661, 27.648186773769933) (0.30385666372223064, 112.28427456725406, 23.651405451961818) -18.49 -1.86
_610_ _594_ (0.24522658856950336, 556.872310394238, 28.112374726361008) (0.3168775414494097, 111.67285301653159, 23.82315765365512) -18.49 -1.86
_612_ _596_ (0.2244900900355412, 558.0498528170365, 27.935425214255332) (0.30439904927227307, 112.0093706720604, 23.52442688004403) -18.49 -1.86
_604_ _588_ (0.2417986628920028, 512.3776671699925, 29.747590378306732) (0.32827465852766136, 116.00231982539144, 24.112538016340146) -18.49 -1.86
_617_ _601_ (0.22840196913509397, 510.9091594904395, 26.314200405882932) (0.2919242874362762, 114.66806962680793, 23.760490256251842) -18.18 -1.82
_613_ _597_ (0.22329608929182237, 510.02505391241516, 27.91097131471928) (0.31384574219652256, 115.59297794560489, 23.981664173102285) -18.18 -1.82
_603_ _587_ (0.24051797343784884, 540.6318546291668, 29.925278111774606) (0.31399347606818384, 116.51212274066923, 24.02395608105095) -18.49 -1.86
_615_ _599_ (0.2180724943489957, 511.87646171550693, 26.092187198998513) (0.30757610727285967, 118.609272292593, 24.067891958970087) -18.18 -1.82
_590_ _606_ (0.2356183572583907, 519.1014325678019, 27.564375115623438) (0.35430528382896587, 128.32329973285132, 23.285174164677166) -18.09 13.75
_602_ _618_ (0.2084643972694075, 513.9123705422115, 26.765647646837575) (0.3622906336328006, 115.55643073429016, 23.761858540671028) -18.09 13.75
_598_ _614_ (0.21174244893208674, 520.8970196140616, 27.63487198833165) (0.3353228520473733, 127.00750196813674, 22.21358363044518) -18.09 13.75
_604_ _604_ (0.23844834865823752, 480.982059805489, 29.859703723594237) (0.34158444611770566, 102.0290066411481, 24.293331551853143) -16.49 -0.43
_600_ _616_ (0.21538216911371158, 519.4885034147477, 25.75036282634896) (0.34713127083027207, 122.97183513679336, 22.921865639778453) -18.09 13.75
_605_ _589_ (0.2468629857014835, 528.609707475292, 29.177966480562542) (0.32559374794615364, 121.87783844072602, 23.849753161271366) -18.49 -1.86
_607_ _591_ (0.24953082281720515, 520.7844841900128, 28.87968914665127) (0.3125097743750818, 122.04829228385205, 23.968781098321855) -18.49 -1.86
_609_ _593_ (0.22337608502947198, 515.4728208821119, 28.781221728193216) (0.31141891688616485, 121.13898680239863, 24.08945382210831) -18.49 -1.86
_611_ _595_ (0.22260445649856023, 520.3032414432421, 28.837673948461845) (0.3100122047590928, 121.1841715026141, 23.824851636289093) -18.49 -1.86
_592_ _608_ (0.24290017632115174, 524.3931324082067, 27.7217013071359) (0.3466973127347948, 127.36598990879062, 22.138566578842422) -18.09 13.75
_596_ _612_ (0.20870606875076947, 523.4481178765332, 27.759118895926125) (0.33103007568578824, 128.6913691623547, 23.066856506726968) -18.09 13.75
_594_ _610_ (0.23354405489904856, 534.1779576820869, 27.306567126719344) (0.3467798216029235, 133.85006036723877, 22.255733412124492) -18.42 15.16
_599_ _615_ (0.22574113104954022, 488.5977766942821, 26.00394658867222) (0.3645270482639791, 131.2074827548646, 22.95936065569636) -18.09 13.75
_589_ _605_ (0.22844712450983495, 503.18642384327694, 27.971776675870558) (0.3475661536402527, 131.07420916654274, 23.08353058255224) -18.09 13.75
_601_ _617_ (0.22234195350876546, 482.9051215329956, 26.413286143657) (0.35455088010450136, 128.43227855716754, 22.56764707176919) -18.09 13.75
_593_ _609_ (0.23760697574464465, 489.7070410833556, 27.407424452118004) (0.32974080835145986, 131.761994119619, 22.71022285040183) -18.09 13.75
_597_ _613_ (0.22156654421197722, 492.33558177327734, 27.391007233497774) (0.37185071812092535, 131.84884234353962, 23.243574521845677) -18.09 13.75
_591_ _607_ (0.23331881831710288, 496.71824807922263, 27.500849830617494) (0.34454696090293896, 131.97308751089682, 22.880498151340895) -18.09 13.75
_595_ _611_ (0.21587302940502773, 481.40177369881985, 28.194626088181188) (0.33772867377904037, 132.69489621893518, 22.449391231568864) -18.09 13.75
_584_ _586_ (0.2540569621501395, 297.32310028473813, 28.37099137412847) (0.3180015626138885, 137.64457918590935, 26.381067211197372) -4.79 12.33
